Columns: 30
Rows: 33
000000000000000000000000000000
000000000000000100000000000010
000000000000000000000000000000
000000100000100000000100001000
000000000000000000000000000000
000222302222302302222302223000
000000000000000000000000000000
000000100100000000100100001000
000222300002221022300002223000
000000000000000000000000000000
022222100222100000223000222230
000000000000302302001000000000
000000000000000000000000000000
000000000000200012100000000000
000000302300000000002302000000
000000000000000000000000000000
222222100100000000000100222223
000000000002000000300000000000
000000000000000000000000000000
000000000000000000100000000000
000000302302221022302302000010
000000000000000000000000000000
000000100000100000000100001000
000221002222302302222300023000
000000000000000000000000000000
020100000100000000100100000000
002302300002221022300002302220
000000000000000000000000000000
000000003200100000003200001000
000222222222302302222222223000
000000000000000000000000000000
022222222222222222222222222230
000000000000000000000000000000
