Columns: 30
Rows: 33
000000000000000000000000000000
000000000000000000000000000000
010000000000001200000000000020
010000000000001200000000000020
010100201000201201000201002020
010000000000000000000000000020
010000000000000000000000000020
010000000000000000000000000020
010000001200000000001200000020
010000001200001200001200000020
000000001000001200000200000000
000000101000000000000202000000
000000101200000000001202000000
000000101200000000001202000000
000000000002000000100000000002
100000000002000000100000000002
000000000002000000100000000000
000000101200000000001202000000
000000101200000000001202000000
000000101200000000001202000000
000000000000000000000000000000
010000000000001200000000000020
010000000000001200000000000020
010000200000000000000001000020
010001200000000000000001200020
020001200000000000000001200020
010000001200000000001200000010
010000001200001200001200000020
010000000000001200000000000020
010000000000000000000000000020
010000000000000000000000000020
000000000000000000000000000000
000000000000000000000000000000
